https://preview.bitmoji.com/avatar-builder-v3/preview/{mannequin-left or center or right or body or head}?scale={number from scale}&gender={1 or 2 goes here. from male or female}&style={1 or 2 or 5, from the style param}&rotation={0 or 1 from rotation}&outfit={selected female only outfit }
{
    "preview_type": {
        "viewtype": ["person", "mannequin"],
        "mannequinviews": {
            "left": "mannequin-left",
            "center": "mannequin-center",
            "right": "mannequin-right"
        },
        "personviews": {
            "body": {},
            "head": {}
        },
        "persondirection": {
            "direction": {
                "rotation": [0, 1]
            }
        },
        "gender": {
            "male": 1,
            "female": 2
        },
        "scale": [1, 2, 3, 4],
        "style": [1, 2, 5]
    },
    "outfits": {
        "female_only": {
            "outfit": "889168"
        },
        "male_only": {},
        "unisex_no_comic": {},
        "unisex_comic": {}
    }
}







{
    "preview_type": {
        "viewtype": ["person", "mannequin"],
        "mannequinviews": {
            "left": "mannequin-left",
            "center": "mannequin-center",
            "right": "mannequin-right"
        },
        "personviews": {
            "body": {},
            "head": {}
        },
        "persondirection": {
            "direction": {
                "rotation": [0, 1]
            }
        },
        "gender": {
            "male": 1,
            "female": 2
        },
        "scale": [1, 2, 3, 4],
        "style": [1, 2, 5]
    },
    "outfits": {
        "female_only": {},
        "male_only": {},
        "unisex_no_comic": {},
        "unisex_comic": {}
    }
}

outfit_sets{

    female_only{
        889168, 889169, 889170, 889171},
        male_only{
            886043, 889161, 889163, 889164, 889165, 889166},
            
            unisex_no_comic{894748, 895546, 904514, 904531, 904877, 904882}
            ,
            comic{
                852353, 847939, 852335, 852315}
            };






# save under this line
female_only{
889168, 889169, 889170, 889171, 889173, 889174, 889202, 889203, 889204, 889205, 889206, 889207, 889208, 889209, 889210, 889211, 889213, 889214, 889225, 889227, 889228, 889229, 889230, 889231, 889499, 889501, 889502, 889503, 889504, 889505, 889513, 889514, 889515, 889516, 889517, 889518, 901021, 901022, 901023, 901024, 901026, 901027, 901028, 901029, 901030, 901031, 901032, 901033, 901034, 923267, 923268, 923270, 944137, 944138, 944139, 944140, 944141, 944142, 944143, 944144, 944145, 957105, 957106, 957107, 957109, 957110, 957112, 957113, 957114, 965976, 965977, 965978, 965979, 965980, 965982, 965984, 965985, 965986, 975590, 975591, 975592, 975593, 975594, 975595, 975596, 975597, 975598, 990492, 990493, 990494, 990495, 990496, 990497, 1000635, 1000636, 1000637, 1000638, 1000639, 1000640, 1003344, 1003345, 1003347, 1003348, 1003349, 1003350, 1003351, 1005748, 1005750, 1005751, 1005757, 1005758, 1005759, 1017610, 1017611, 1017612, 1017613, 1017614, 1017615, 1017859, 1017860, 1017861, 1017865, 1017874, 1017875, 1017876, 1017877, 1017878, 1017879, 1017880, 1017881, 1017882, 1017893, 1017894, 1017895, 1017915, 1017916, 1017917, 1017918, 1017919, 1017920, 1017933, 1017934, 1017935, 1017938, 1017939, 1017940, 1017941, 1017942, 1017943, 1017951, 1017952, 1017953, 1017954, 1017955, 1017956, 1017967, 1017968, 1017969, 1017970, 1017971, 1017972, 1018033, 1018034, 1018035, 1018036, 1018037, 1018039, 1018044, 1018045, 1018046, 1018047, 1018048, 1018049, 1018072, 1018073, 1018074, 1018075, 1018076, 1018077, 1018097, 1018098, 1018099, 1018100, 1018101, 1018102, 1018116, 1018117, 1018118, 1018119, 1018120, 1018121, 1018148, 1018149, 1018150, 1018152, 1018153, 1018154, 1018155, 1018156, 1018157, 1018234, 1018235, 1018236, 1018237, 1018238, 1018239, 1018254, 1018255, 1018256, 1018257, 1018258, 1018259, 1018265, 1018266, 1018267, 1018268, 1018269, 1018270, 1018271, 1018272, 1018273, 1018274, 1018275, 1018276, 1018277, 1018278, 1018279, 1018280, 1018281, 1018282, 1018283, 1018290, 1018291, 1018292, 1018293, 1018294, 1018295, 1018469, 1018470, 1018471, 1018482, 1018483, 1018484, 1018485, 1018486, 1018487, 1018488, 1018489, 1018490, 1018491, 1018492, 1018493, 1018494, 1018495, 1018496, 1018497, 1018498, 1018499, 1018500, 1018501, 1018502, 1018503, 1018504, 1018505, 1018572, 1018573, 1018574, 1018575, 1018576, 1018577, 1018578, 1018579, 1018580, 1018581, 1018582, 1018583, 1018584, 1018585, 1018586, 1018587, 1018588, 1018589, 1018600, 1018601, 1018602, 1018603, 1018604, 1018605, 1018606, 1018607, 1018608, 1018609, 1018610, 1018611, 1018612, 1018613, 1018614, 1018625, 1018626, 1018627, 1018628, 1018629, 1018630, 1018631, 1018632, 1018633, 1018634, 1018648, 1018649, 1018650, 1018651, 1018652, 1018653, 1018654, 1018655, 1018656, 1018657, 1018658, 1018659, 1018660, 1018661, 1018662, 1018670, 1018671, 1018672, 1018673, 1018674, 1018680, 1018681, 1018682, 1018683, 1018684, 1018685, 1018686, 1018687, 1018688, 1018689, 1018690, 1018691, 1018692, 1018693, 1018694, 1018696, 1018697, 1018698, 1018699, 1018700, 1018701, 1018702, 1018703, 1018704, 1018705, 1018706, 1018707, 1018708, 1018709, 1018710, 1018711, 1018712, 1018713, 1018714, 1018715, 1018716, 1018717, 1018718, 1018719, 1018720, 1018731, 1018732, 1018733, 1018734, 1018735, 1018741, 1018742, 1018743, 1018744, 1018745, 1018746, 1018747, 1018748, 1018749, 1018750, 1018751, 1018752, 1018753, 1018754, 1018755, 1018756, 1018757, 1018758, 1018759, 1018760, 1018761, 1018762, 1018763, 1018764, 1018765, 1018766, 1018767, 1018768, 1018769, 1018770, 1018771, 1018772, 1018773, 1018774, 1018775
}
male_only{
886043, 889161, 889163, 889164, 889165, 889166, 889167, 889175, 889176, 889177, 889178, 889179, 889180, 889196, 889197, 889198, 889199, 889200, 889201, 889219, 889220, 889221, 889222, 889223, 889224, 889232, 889233, 889235, 889236, 889237, 889238, 889506, 889507, 889508, 889509, 889510, 889511, 901025, 901461, 901464, 923271, 923273, 923275, 944134, 944135, 944136, 957994, 957995, 957996, 957997, 957998, 957999, 962365, 962366, 962367, 962369, 962370, 962371, 965965, 965966, 965967, 965968, 965970, 965971, 965972, 965973, 965975, 975578, 975581, 975582, 975583, 975584, 975585, 975586, 975587, 975588, 990486, 990487, 990488, 990489, 990490, 990491, 1000641, 1000643, 1000644, 1000645, 1000646, 1000647, 1000649, 1005740, 1005752, 1005753, 1005754, 1005755, 1005756, 1017604, 1017605, 1017606, 1017607, 1017608, 1017609, 1017862, 1017863, 1017864, 1017866, 1017867, 1017883, 1017884, 1017885, 1017886, 1017887, 1017888, 1017889, 1017890, 1017891, 1017892, 1017896, 1017897, 1017898, 1017899, 1017900, 1017901, 1017903, 1017906, 1017907, 1017908, 1017909, 1017910, 1017911, 1017912, 1017913, 1017914, 1017921, 1017922, 1017923, 1017924, 1017925, 1017926, 1017927, 1017928, 1017929, 1017930, 1017931, 1017932, 1017944, 1017945, 1017946, 1017947, 1017948, 1017949, 1017950, 1017961, 1017962, 1017963, 1017964, 1017965, 1017966, 1018027, 1018028, 1018029, 1018030, 1018031, 1018032, 1018050, 1018051, 1018052, 1018053, 1018054, 1018055, 1018078, 1018079, 1018080, 1018081, 1018082, 1018083, 1018091, 1018092, 1018093, 1018094, 1018095, 1018096, 1018110, 1018111, 1018112, 1018113, 1018114, 1018115, 1018139, 1018140, 1018141, 1018142, 1018143, 1018144, 1018145, 1018146, 1018147, 1018240, 1018241, 1018242, 1018243, 1018244, 1018245, 1018248, 1018250, 1018251, 1018252, 1018253, 1018284, 1018285, 1018287, 1018288, 1018289, 1018472, 1018473, 1018474, 1018480, 1018481, 1018507, 1018508, 1018509, 1018510, 1018511, 1018512, 1018513, 1018514, 1018515, 1018516, 1018517, 1018518, 1018519, 1018520, 1018521, 1018522, 1018523, 1018524, 1018525, 1018526, 1018563, 1018564, 1018565, 1018566, 1018567, 1018568, 1018569, 1018570, 1018571, 1018590, 1018591, 1018592, 1018593, 1018594, 1018595, 1018596, 1018597, 1018598, 1018599, 1018615, 1018617, 1018618, 1018619, 1018638, 1018639, 1018640, 1018641, 1018642, 1018643, 1018644, 1018645, 1018646, 1018647, 1018665, 1018666, 1018667, 1018668, 1018669, 1018675, 1018677, 1018678, 1018679, 1018721, 1018722, 1018723, 1018724, 1018725, 1018726, 1018727, 1018728, 1018729
}

unisex_no_comic{894748, 895546, 904514, 904531, 904877, 904882, 904891, 904979, 905030, 905119, 905120, 905123, 906119, 906120, 906121, 906122, 906123, 906700, 909629, 909630, 909631, 927590, 927600, 927601, 927623, 927624, 927625, 951230, 951231, 951243, 951244, 955315, 957520, 964578, 969847, 969848, 969849, 971782, 971785, 971786, 972199, 972201, 975589, 978520, 978521, 978522, 978524, 978525, 978526, 978868, 979345, 981623, 982239, 983112, 985431, 985448, 986544, 986545, 986546, 986547, 986548, 986549, 986556, 986557, 986558, 986560, 986562, 986564, 990795, 993380, 993381, 993382, 993383, 993384, 993385, 993501, 993503, 993504, 993759, 993760, 993762, 993763, 993764, 993765, 997979, 997980, 997982, 997984, 997986, 997988, 997990, 997992, 997993, 997995, 997996, 997997, 1010009, 1010010, 1010011, 1010014, 1010016, 1010018, 1010232, 1010233, 1010234, 1010235, 1010237, 1010239, 1012812, 1012813, 1012815, 1012816, 1014942, 1017616, 1017868, 1017869, 1017870, 1017871, 1017959, 1017960, 1017977, 1017978, 1017979, 1017980, 1017981, 1017982, 1017983, 1017984, 1017985, 1017986, 1017987, 1017988, 1017989, 1017990, 1017991, 1017992, 1017993, 1017994, 1017995, 1017996, 1017997, 1017998, 1017999, 1018000, 1018001, 1018002, 1018003, 1018004, 1018005, 1018006, 1018007, 1018008, 1018009, 1018010, 1018011, 1018012, 1018013, 1018014, 1018015, 1018016, 1018017, 1018026, 1018041, 1018043, 1018057, 1018058, 1018059, 1018060, 1018061, 1018062, 1018063, 1018064, 1018065, 1018066, 1018067, 1018068, 1018069, 1018071, 1018089, 1018090, 1018104, 1018105, 1018124, 1018125, 1018126, 1018127, 1018128, 1018129, 1018130, 1018131, 1018132, 1018133, 1018134, 1018135, 1018136, 1018137, 1018138, 1018159, 1018160, 1018161, 1018162, 1018163, 1018164, 1018165, 1018166, 1018167, 1018168, 1018169, 1018170, 1018171, 1018172, 1018173, 1018174, 1018175, 1018176, 1018177, 1018178, 1018179, 1018180, 1018181, 1018182, 1018183, 1018184, 1018185, 1018186, 1018187, 1018188, 1018189, 1018190, 1018191, 1018192, 1018193, 1018194, 1018195, 1018196, 1018197, 1018198, 1018199, 1018200, 1018201, 1018202, 1018203, 1018204, 1018205, 1018206, 1018207, 1018208, 1018209, 1018210, 1018211, 1018212, 1018213, 1018214, 1018215, 1018216, 1018217, 1018218, 1018220, 1018221, 1018222, 1018223, 1018224, 1018225, 1018226, 1018227, 1018228, 1018229, 1018230, 1018231, 1018232, 1018233, 1018249, 1018263, 1018264, 1018286, 1018298, 1018301, 1018302, 1018303, 1018304, 1018305, 1018306, 1018307, 1018308, 1018309, 1018310, 1018311, 1018312, 1018313, 1018314, 1018315, 1018321, 1018322, 1018323, 1018324, 1018325, 1018326, 1018327, 1018328, 1018329, 1018330, 1018331, 1018332, 1018333, 1018334, 1018335, 1018336, 1018337, 1018338, 1018339, 1018340, 1018341, 1018342, 1018343, 1018344, 1018345, 1018346, 1018347, 1018348, 1018349, 1018350, 1018351, 1018352, 1018353, 1018354, 1018355, 1018356, 1018357, 1018358, 1018359, 1018360, 1018361, 1018362, 1018363, 1018364, 1018365, 1018366, 1018367, 1018368, 1018369, 1018370, 1018371, 1018372, 1018373, 1018374, 1018375, 1018376, 1018377, 1018378, 1018379, 1018380, 1018381, 1018382, 1018383, 1018384, 1018385, 1018386, 1018392, 1018396, 1018397, 1018398, 1018399, 1018400, 1018401, 1018402, 1018403, 1018404, 1018405, 1018406, 1018407, 1018408, 1018409, 1018410, 1018411, 1018412, 1018413, 1018414, 1018415, 1018416, 1018417, 1018418, 1018419, 1018420, 1018421, 1018422, 1018423, 1018424, 1018425, 1018426, 1018427, 1018428, 1018429, 1018430, 1018431, 1018432, 1018433, 1018434, 1018435, 1018436, 1018437, 1018438, 1018439, 1018440, 1018441, 1018442, 1018443, 1018444, 1018445, 1018446, 1018447, 1018448, 1018449, 1018450, 1018451, 1018452, 1018453, 1018454, 1018455, 1018456, 1018457, 1018479, 1018506, 1018528, 1018529, 1018530, 1018531, 1018532, 1018533, 1018534, 1018535, 1018536, 1018537, 1018538, 1018539, 1018540, 1018541, 1018542, 1018543, 1018544, 1018545, 1018546, 1018547, 1018548, 1018549, 1018550, 1018551, 1018552, 1018553, 1018554, 1018555, 1018556, 1018557, 1018558, 1018559, 1018616, 1018620, 1018621, 1018622, 1018623, 1018624, 1018676, 1018730, 1018736, 1018737, 1018738, 1018739, 1018740, 1018776, 1018777, 1018781, 1018782, 1018783, 1018784, 1018785, 1018786, 1018789, 1018790, 1018791, 1018792, 1018793, 1018794, 1018795, 1018796, 1018798, 1018799, 1018800, 1018801, 1018802, 1018805, 1018806, 1018807, 1018808, 1018809, 1018810, 1018811, 1018812, 1018813, 1018814, 1018815, 1018816, 1018817, 2000001, 2000002, 2000003, 2000004, 2000005, 2000006, 2000007, 3000000, 3000002, 3000004, 3000006, 3000008, 3000010, 3000012, 3000014, 3000016, 3000018, 3000020, 3000022, 3000024, 3000026, 3000028, 3000030, 3000032, 3000034, 3000036, 3000038, 3000040, 3000042, 3000044, 3000046, 3000048, 3000050, 3000052, 3000054, 3000056, 3000058, 3000060, 3000062, 3000064, 3000066, 3000068, 3000070, 3000072, 3000074, 3000076, 3000078, 3000080, 3000082, 3000084, 3000086, 3000088, 3000090, 3000092}

comic{
    852353, 847939, 852335, 852315, 852338, 852329, 852337, 852334, 852828, 856482, 855522, 872177, 872355, 872159, 872326, 872324, 872316, 872330, 872327, 872169, 872319, 872315, 872175, 872167, 872331, 872322, 872328, 872171, 872320, 894456, 914241, 914232, 951972, 951973, 951974, 951975, 954935, 954934, 954936, 957273, 957272, 957269, 957268, 957270, 957271, 969398, 969425, 969369, 969360, 969367, 969352, 969434, 969355, 969440, 969823, 969351, 972902, 972925, 978883, 1001696, 1001112, 1001708, 1001712, 1001698, 1001131, 1001694, 1001140, 1001138, 1001700, 1001719, 1001695, 1001697, 1001691, 1001139, 1001129, 1001713, 1001110, 1001128
}







# do not edit
all{
    847939, 852315, 852329, 852334, 852335, 852337, 852338, 852353, 852828, 855522, 856482, 872159, 872167, 872169, 872171, 872175, 872177, 872315, 872316, 872319, 872320, 872322, 872324, 872326, 872327, 872328, 872330, 872331, 872355, 886043, 889161, 889163, 889164, 889165, 889166, 889167, 889168, 889169, 889170, 889171, 889173, 889174, 889175, 889176, 889177, 889178, 889179, 889180, 889196, 889197, 889198, 889199, 889200, 889201, 889202, 889203, 889204, 889205, 889206, 889207, 889208, 889209, 889210, 889211, 889213, 889214, 889219, 889220, 889221, 889222, 889223, 889224, 889225, 889227, 889228, 889229, 889230, 889231, 889232, 889233, 889235, 889236, 889237, 889238, 889499, 889501, 889502, 889503, 889504, 889505, 889506, 889507, 889508, 889509, 889510, 889511, 889513, 889514, 889515, 889516, 889517, 889518, 894456, 894748, 895546, 901021, 901022, 901023, 901024, 901025, 901026, 901027, 901028, 901029, 901030, 901031, 901032, 901033, 901034, 901461, 901464, 904514, 904531, 904877, 904882, 904891, 904979, 905030, 905119, 905120, 905123, 906119, 906120, 906121, 906122, 906123, 906700, 909629, 909630, 909631, 914232, 914241, 923267, 923268, 923270, 923271, 923273, 923275, 927590, 927600, 927601, 927623, 927624, 927625, 944134, 944135, 944136, 944137, 944138, 944139, 944140, 944141, 944142, 944143, 944144, 944145, 951230, 951231, 951243, 951244, 951972, 951973, 951974, 951975, 954934, 954935, 954936, 955315, 957105, 957106, 957107, 957109, 957110, 957112, 957113, 957114, 957268, 957269, 957270, 957271, 957272, 957273, 957520, 957994, 957995, 957996, 957997, 957998, 957999, 962365, 962366, 962367, 962369, 962370, 962371, 964578, 965965, 965966, 965967, 965968, 965970, 965971, 965972, 965973, 965975, 965976, 965977, 965978, 965979, 965980, 965982, 965984, 965985, 965986, 969351, 969352, 969355, 969360, 969367, 969369, 969398, 969425, 969434, 969440, 969823, 969847, 969848, 969849, 971782, 971785, 971786, 972199, 972201, 972902, 972925, 975578, 975581, 975582, 975583, 975584, 975585, 975586, 975587, 975588, 975589, 975590, 975591, 975592, 975593, 975594, 975595, 975596, 975597, 975598, 978520, 978521, 978522, 978524, 978525, 978526, 978868, 978883, 979345, 981623, 982239, 983112, 985431, 985448, 986544, 986545, 986546, 986547, 986548, 986549, 986556, 986557, 986558, 986560, 986562, 986564, 990486, 990487, 990488, 990489, 990490, 990491, 990492, 990493, 990494, 990495, 990496, 990497, 990795, 993380, 993381, 993382, 993383, 993384, 993385, 993501, 993503, 993504, 993759, 993760, 993762, 993763, 993764, 993765, 997979, 997980, 997982, 997984, 997986, 997988, 997990, 997992, 997993, 997995, 997996, 997997, 1000635, 1000636, 1000637, 1000638, 1000639, 1000640, 1000641, 1000643, 1000644, 1000645, 1000646, 1000647, 1000649, 1001110, 1001112, 1001128, 1001129, 1001131, 1001138, 1001139, 1001140, 1001691, 1001694, 1001695, 1001696, 1001697, 1001698, 1001700, 1001708, 1001712, 1001713, 1001719, 1003344, 1003345, 1003347, 1003348, 1003349, 1003350, 1003351, 1005740, 1005748, 1005750, 1005751, 1005752, 1005753, 1005754, 1005755, 1005756, 1005757, 1005758, 1005759, 1010009, 1010010, 1010011, 1010014, 1010016, 1010018, 1010232, 1010233, 1010234, 1010235, 1010237, 1010239, 1012812, 1012813, 1012815, 1012816, 1014942, 1017604, 1017605, 1017606, 1017607, 1017608, 1017609, 1017610, 1017611, 1017612, 1017613, 1017614, 1017615, 1017616, 1017859, 1017860, 1017861, 1017862, 1017863, 1017864, 1017865, 1017866, 1017867, 1017868, 1017869, 1017870, 1017871, 1017874, 1017875, 1017876, 1017877, 1017878, 1017879, 1017880, 1017881, 1017882, 1017883, 1017884, 1017885, 1017886, 1017887, 1017888, 1017889, 1017890, 1017891, 1017892, 1017893, 1017894, 1017895, 1017896, 1017897, 1017898, 1017899, 1017900, 1017901, 1017903, 1017906, 1017907, 1017908, 1017909, 1017910, 1017911, 1017912, 1017913, 1017914, 1017915, 1017916, 1017917, 1017918, 1017919, 1017920, 1017921, 1017922, 1017923, 1017924, 1017925, 1017926, 1017927, 1017928, 1017929, 1017930, 1017931, 1017932, 1017933, 1017934, 1017935, 1017938, 1017939, 1017940, 1017941, 1017942, 1017943, 1017944, 1017945, 1017946, 1017947, 1017948, 1017949, 1017950, 1017951, 1017952, 1017953, 1017954, 1017955, 1017956, 1017959, 1017960, 1017961, 1017962, 1017963, 1017964, 1017965, 1017966, 1017967, 1017968, 1017969, 1017970, 1017971, 1017972, 1017977, 1017978, 1017979, 1017980, 1017981, 1017982, 1017983, 1017984, 1017985, 1017986, 1017987, 1017988, 1017989, 1017990, 1017991, 1017992, 1017993, 1017994, 1017995, 1017996, 1017997, 1017998, 1017999, 1018000, 1018001, 1018002, 1018003, 1018004, 1018005, 1018006, 1018007, 1018008, 1018009, 1018010, 1018011, 1018012, 1018013, 1018014, 1018015, 1018016, 1018017, 1018026, 1018027, 1018028, 1018029, 1018030, 1018031, 1018032, 1018033, 1018034, 1018035, 1018036, 1018037, 1018039, 1018041, 1018043, 1018044, 1018045, 1018046, 1018047, 1018048, 1018049, 1018050, 1018051, 1018052, 1018053, 1018054, 1018055, 1018057, 1018058, 1018059, 1018060, 1018061, 1018062, 1018063, 1018064, 1018065, 1018066, 1018067, 1018068, 1018069, 1018071, 1018072, 1018073, 1018074, 1018075, 1018076, 1018077, 1018078, 1018079, 1018080, 1018081, 1018082, 1018083, 1018089, 1018090, 1018091, 1018092, 1018093, 1018094, 1018095, 1018096, 1018097, 1018098, 1018099, 1018100, 1018101, 1018102, 1018104, 1018105, 1018110, 1018111, 1018112, 1018113, 1018114, 1018115, 1018116, 1018117, 1018118, 1018119, 1018120, 1018121, 1018124, 1018125, 1018126, 1018127, 1018128, 1018129, 1018130, 1018131, 1018132, 1018133, 1018134, 1018135, 1018136, 1018137, 1018138, 1018139, 1018140, 1018141, 1018142, 1018143, 1018144, 1018145, 1018146, 1018147, 1018148, 1018149, 1018150, 1018152, 1018153, 1018154, 1018155, 1018156, 1018157, 1018159, 1018160, 1018161, 1018162, 1018163, 1018164, 1018165, 1018166, 1018167, 1018168, 1018169, 1018170, 1018171, 1018172, 1018173, 1018174, 1018175, 1018176, 1018177, 1018178, 1018179, 1018180, 1018181, 1018182, 1018183, 1018184, 1018185, 1018186, 1018187, 1018188, 1018189, 1018190, 1018191, 1018192, 1018193, 1018194, 1018195, 1018196, 1018197, 1018198, 1018199, 1018200, 1018201, 1018202, 1018203, 1018204, 1018205, 1018206, 1018207, 1018208, 1018209, 1018210, 1018211, 1018212, 1018213, 1018214, 1018215, 1018216, 1018217, 1018218, 1018220, 1018221, 1018222, 1018223, 1018224, 1018225, 1018226, 1018227, 1018228, 1018229, 1018230, 1018231, 1018232, 1018233, 1018234, 1018235, 1018236, 1018237, 1018238, 1018239, 1018240, 1018241, 1018242, 1018243, 1018244, 1018245, 1018248, 1018249, 1018250, 1018251, 1018252, 1018253, 1018254, 1018255, 1018256, 1018257, 1018258, 1018259, 1018263, 1018264, 1018265, 1018266, 1018267, 1018268, 1018269, 1018270, 1018271, 1018272, 1018273, 1018274, 1018275, 1018276, 1018277, 1018278, 1018279, 1018280, 1018281, 1018282, 1018283, 1018284, 1018285, 1018286, 1018287, 1018288, 1018289, 1018290, 1018291, 1018292, 1018293, 1018294, 1018295, 1018298, 1018301, 1018302, 1018303, 1018304, 1018305, 1018306, 1018307, 1018308, 1018309, 1018310, 1018311, 1018312, 1018313, 1018314, 1018315, 1018321, 1018322, 1018323, 1018324, 1018325, 1018326, 1018327, 1018328, 1018329, 1018330, 1018331, 1018332, 1018333, 1018334, 1018335, 1018336, 1018337, 1018338, 1018339, 1018340, 1018341, 1018342, 1018343, 1018344, 1018345, 1018346, 1018347, 1018348, 1018349, 1018350, 1018351, 1018352, 1018353, 1018354, 1018355, 1018356, 1018357, 1018358, 1018359, 1018360, 1018361, 1018362, 1018363, 1018364, 1018365, 1018366, 1018367, 1018368, 1018369, 1018370, 1018371, 1018372, 1018373, 1018374, 1018375, 1018376, 1018377, 1018378, 1018379, 1018380, 1018381, 1018382, 1018383, 1018384, 1018385, 1018386, 1018392, 1018396, 1018397, 1018398, 1018399, 1018400, 1018401, 1018402, 1018403, 1018404, 1018405, 1018406, 1018407, 1018408, 1018409, 1018410, 1018411, 1018412, 1018413, 1018414, 1018415, 1018416, 1018417, 1018418, 1018419, 1018420, 1018421, 1018422, 1018423, 1018424, 1018425, 1018426, 1018427, 1018428, 1018429, 1018430, 1018431, 1018432, 1018433, 1018434, 1018435, 1018436, 1018437, 1018438, 1018439, 1018440, 1018441, 1018442, 1018443, 1018444, 1018445, 1018446, 1018447, 1018448, 1018449, 1018450, 1018451, 1018452, 1018453, 1018454, 1018455, 1018456, 1018457, 1018469, 1018470, 1018471, 1018472, 1018473, 1018474, 1018479, 1018480, 1018481, 1018482, 1018483, 1018484, 1018485, 1018486, 1018487, 1018488, 1018489, 1018490, 1018491, 1018492, 1018493, 1018494, 1018495, 1018496, 1018497, 1018498, 1018499, 1018500, 1018501, 1018502, 1018503, 1018504, 1018505, 1018506, 1018507, 1018508, 1018509, 1018510, 1018511, 1018512, 1018513, 1018514, 1018515, 1018516, 1018517, 1018518, 1018519, 1018520, 1018521, 1018522, 1018523, 1018524, 1018525, 1018526, 1018528, 1018529, 1018530, 1018531, 1018532, 1018533, 1018534, 1018535, 1018536, 1018537, 1018538, 1018539, 1018540, 1018541, 1018542, 1018543, 1018544, 1018545, 1018546, 1018547, 1018548, 1018549, 1018550, 1018551, 1018552, 1018553, 1018554, 1018555, 1018556, 1018557, 1018558, 1018559, 1018563, 1018564, 1018565, 1018566, 1018567, 1018568, 1018569, 1018570, 1018571, 1018572, 1018573, 1018574, 1018575, 1018576, 1018577, 1018578, 1018579, 1018580, 1018581, 1018582, 1018583, 1018584, 1018585, 1018586, 1018587, 1018588, 1018589, 1018590, 1018591, 1018592, 1018593, 1018594, 1018595, 1018596, 1018597, 1018598, 1018599, 1018600, 1018601, 1018602, 1018603, 1018604, 1018605, 1018606, 1018607, 1018608, 1018609, 1018610, 1018611, 1018612, 1018613, 1018614, 1018615, 1018616, 1018617, 1018618, 1018619, 1018620, 1018621, 1018622, 1018623, 1018624, 1018625, 1018626, 1018627, 1018628, 1018629, 1018630, 1018631, 1018632, 1018633, 1018634, 1018638, 1018639, 1018640, 1018641, 1018642, 1018643, 1018644, 1018645, 1018646, 1018647, 1018648, 1018649, 1018650, 1018651, 1018652, 1018653, 1018654, 1018655, 1018656, 1018657, 1018658, 1018659, 1018660, 1018661, 1018662, 1018665, 1018666, 1018667, 1018668, 1018669, 1018670, 1018671, 1018672, 1018673, 1018674, 1018675, 1018676, 1018677, 1018678, 1018679, 1018680, 1018681, 1018682, 1018683, 1018684, 1018685, 1018686, 1018687, 1018688, 1018689, 1018690, 1018691, 1018692, 1018693, 1018694, 1018696, 1018697, 1018698, 1018699, 1018700, 1018701, 1018702, 1018703, 1018704, 1018705, 1018706, 1018707, 1018708, 1018709, 1018710, 1018711, 1018712, 1018713, 1018714, 1018715, 1018716, 1018717, 1018718, 1018719, 1018720, 1018721, 1018722, 1018723, 1018724, 1018725, 1018726, 1018727, 1018728, 1018729, 1018730, 1018731, 1018732, 1018733, 1018734, 1018735, 1018736, 1018737, 1018738, 1018739, 1018740, 1018741, 1018742, 1018743, 1018744, 1018745, 1018746, 1018747, 1018748, 1018749, 1018750, 1018751, 1018752, 1018753, 1018754, 1018755, 1018756, 1018757, 1018758, 1018759, 1018760, 1018761, 1018762, 1018763, 1018764, 1018765, 1018766, 1018767, 1018768, 1018769, 1018770, 1018771, 1018772, 1018773, 1018774, 1018775, 1018776, 1018777, 1018781, 1018782, 1018783, 1018784, 1018785, 1018786, 1018789, 1018790, 1018791, 1018792, 1018793, 1018794, 1018795, 1018796, 1018798, 1018799, 1018800, 1018801, 1018802, 1018805, 1018806, 1018807, 1018808, 1018809, 1018810, 1018811, 1018812, 1018813, 1018814, 1018815, 1018816, 1018817, 2000001, 2000002, 2000003, 2000004, 2000005, 2000006, 2000007, 3000000, 3000002, 3000004, 3000006, 3000008, 3000010, 3000012, 3000014, 3000016, 3000018, 3000020, 3000022, 3000024, 3000026, 3000028, 3000030, 3000032, 3000034, 3000036, 3000038, 3000040, 3000042, 3000044, 3000046, 3000048, 3000050, 3000052, 3000054, 3000056, 3000058, 3000060, 3000062, 3000064, 3000066, 3000068, 3000070, 3000072, 3000074, 3000076, 3000078, 3000080, 3000082, 3000084, 3000086, 3000088, 3000090, 3000092
}




# donotuse
maleAndFemaleCombined{886043, 889161, 889163, 889164, 889165, 889166, 889167, 889175, 889176, 889177, 889178, 889179, 889180, 889196, 889197, 889198, 889199, 889200, 889201, 889219, 889220, 889221, 889222, 889223, 889224, 889232, 889233, 889235, 889236, 889237, 889238, 889506, 889507, 889508, 889509, 889510, 889511, 901025, 901461, 901464, 923271, 923273, 923275, 944134, 944135, 944136, 957994, 957995, 957996, 957997, 957998, 957999, 962365, 962366, 962367, 962369, 962370, 962371, 965965, 965966, 965967, 965968, 965970, 965971, 965972, 965973, 965975, 975578, 975581, 975582, 975583, 975584, 975585, 975586, 975587, 975588, 990486, 990487, 990488, 990489, 990490, 990491, 1000641, 1000643, 1000644, 1000645, 1000646, 1000647, 1000649, 1005740, 1005752, 1005753, 1005754, 1005755, 1005756, 1017604, 1017605, 1017606, 1017607, 1017608, 1017609, 1017862, 1017863, 1017864, 1017866, 1017867, 1017883, 1017884, 1017885, 1017886, 1017887, 1017888, 1017889, 1017890, 1017891, 1017892, 1017896, 1017897, 1017898, 1017899, 1017900, 1017901, 1017903, 1017906, 1017907, 1017908, 1017909, 1017910, 1017911, 1017912, 1017913, 1017914, 1017921, 1017922, 1017923, 1017924, 1017925, 1017926, 1017927, 1017928, 1017929, 1017930, 1017931, 1017932, 1017944, 1017945, 1017946, 1017947, 1017948, 1017949, 1017950, 1017961, 1017962, 1017963, 1017964, 1017965, 1017966, 1018027, 1018028, 1018029, 1018030, 1018031, 1018032, 1018050, 1018051, 1018052, 1018053, 1018054, 1018055, 1018078, 1018079, 1018080, 1018081, 1018082, 1018083, 1018091, 1018092, 1018093, 1018094, 1018095, 1018096, 1018110, 1018111, 1018112, 1018113, 1018114, 1018115, 1018139, 1018140, 1018141, 1018142, 1018143, 1018144, 1018145, 1018146, 1018147, 1018240, 1018241, 1018242, 1018243, 1018244, 1018245, 1018248, 1018250, 1018251, 1018252, 1018253, 1018284, 1018285, 1018287, 1018288, 1018289, 1018472, 1018473, 1018474, 1018480, 1018481, 1018507, 1018508, 1018509, 1018510, 1018511, 1018512, 1018513, 1018514, 1018515, 1018516, 1018517, 1018518, 1018519, 1018520, 1018521, 1018522, 1018523, 1018524, 1018525, 1018526, 1018563, 1018564, 1018565, 1018566, 1018567, 1018568, 1018569, 1018570, 1018571, 1018590, 1018591, 1018592, 1018593, 1018594, 1018595, 1018596, 1018597, 1018598, 1018599, 1018615, 1018617, 1018618, 1018619, 1018638, 1018639, 1018640, 1018641, 1018642, 1018643, 1018644, 1018645, 1018646, 1018647, 1018665, 1018666, 1018667, 1018668, 1018669, 1018675, 1018677, 1018678, 1018679, 1018721, 1018722, 1018723, 1018724, 1018725, 1018726, 1018727, 1018728, 1018729,     889168, 889169, 889170, 889171, 889173, 889174, 889202, 889203, 889204, 889205, 889206, 889207, 889208, 889209, 889210, 889211, 889213, 889214, 889225, 889227, 889228, 889229, 889230, 889231, 889499, 889501, 889502, 889503, 889504, 889505, 889513, 889514, 889515, 889516, 889517, 889518, 901021, 901022, 901023, 901024, 901026, 901027, 901028, 901029, 901030, 901031, 901032, 901033, 901034, 923267, 923268, 923270, 944137, 944138, 944139, 944140, 944141, 944142, 944143, 944144, 944145, 957105, 957106, 957107, 957109, 957110, 957112, 957113, 957114, 965976, 965977, 965978, 965979, 965980, 965982, 965984, 965985, 965986, 975590, 975591, 975592, 975593, 975594, 975595, 975596, 975597, 975598, 990492, 990493, 990494, 990495, 990496, 990497, 1000635, 1000636, 1000637, 1000638, 1000639, 1000640, 1003344, 1003345, 1003347, 1003348, 1003349, 1003350, 1003351, 1005748, 1005750, 1005751, 1005757, 1005758, 1005759, 1017610, 1017611, 1017612, 1017613, 1017614, 1017615, 1017859, 1017860, 1017861, 1017865, 1017874, 1017875, 1017876, 1017877, 1017878, 1017879, 1017880, 1017881, 1017882, 1017893, 1017894, 1017895, 1017915, 1017916, 1017917, 1017918, 1017919, 1017920, 1017933, 1017934, 1017935, 1017938, 1017939, 1017940, 1017941, 1017942, 1017943, 1017951, 1017952, 1017953, 1017954, 1017955, 1017956, 1017967, 1017968, 1017969, 1017970, 1017971, 1017972, 1018033, 1018034, 1018035, 1018036, 1018037, 1018039, 1018044, 1018045, 1018046, 1018047, 1018048, 1018049, 1018072, 1018073, 1018074, 1018075, 1018076, 1018077, 1018097, 1018098, 1018099, 1018100, 1018101, 1018102, 1018116, 1018117, 1018118, 1018119, 1018120, 1018121, 1018148, 1018149, 1018150, 1018152, 1018153, 1018154, 1018155, 1018156, 1018157, 1018234, 1018235, 1018236, 1018237, 1018238, 1018239, 1018254, 1018255, 1018256, 1018257, 1018258, 1018259, 1018265, 1018266, 1018267, 1018268, 1018269, 1018270, 1018271, 1018272, 1018273, 1018274, 1018275, 1018276, 1018277, 1018278, 1018279, 1018280, 1018281, 1018282, 1018283, 1018290, 1018291, 1018292, 1018293, 1018294, 1018295, 1018469, 1018470, 1018471, 1018482, 1018483, 1018484, 1018485, 1018486, 1018487, 1018488, 1018489, 1018490, 1018491, 1018492, 1018493, 1018494, 1018495, 1018496, 1018497, 1018498, 1018499, 1018500, 1018501, 1018502, 1018503, 1018504, 1018505, 1018572, 1018573, 1018574, 1018575, 1018576, 1018577, 1018578, 1018579, 1018580, 1018581, 1018582, 1018583, 1018584, 1018585, 1018586, 1018587, 1018588, 1018589, 1018600, 1018601, 1018602, 1018603, 1018604, 1018605, 1018606, 1018607, 1018608, 1018609, 1018610, 1018611, 1018612, 1018613, 1018614, 1018625, 1018626, 1018627, 1018628, 1018629, 1018630, 1018631, 1018632, 1018633, 1018634, 1018648, 1018649, 1018650, 1018651, 1018652, 1018653, 1018654, 1018655, 1018656, 1018657, 1018658, 1018659, 1018660, 1018661, 1018662, 1018670, 1018671, 1018672, 1018673, 1018674, 1018680, 1018681, 1018682, 1018683, 1018684, 1018685, 1018686, 1018687, 1018688, 1018689, 1018690, 1018691, 1018692, 1018693, 1018694, 1018696, 1018697, 1018698, 1018699, 1018700, 1018701, 1018702, 1018703, 1018704, 1018705, 1018706, 1018707, 1018708, 1018709, 1018710, 1018711, 1018712, 1018713, 1018714, 1018715, 1018716, 1018717, 1018718, 1018719, 1018720, 1018731, 1018732, 1018733, 1018734, 1018735, 1018741, 1018742, 1018743, 1018744, 1018745, 1018746, 1018747, 1018748, 1018749, 1018750, 1018751, 1018752, 1018753, 1018754, 1018755, 1018756, 1018757, 1018758, 1018759, 1018760, 1018761, 1018762, 1018763, 1018764, 1018765, 1018766, 1018767, 1018768, 1018769, 1018770, 1018771, 1018772, 1018773, 1018774, 1018775}